AIRPLANE SEATS
    A   B   C   D   E   F
1  101 102 103 104 105 106
2  107 108 109 110 111 112
3  113 114 115 116 117 118
4  119 120 121 122 123 124
5  125 126 127 128 129 130
6  131 132 133 134 135 136
7  137 138 139 140 141 142
8  143 144 145 146 147 148
9  149 150 151 152 153 154
10 155 156 157 158 159 160

PARKING SPOTS however they're set up
    A   B   C   D   E   F   G
1  201 202 203 204 205 206 207
2  208 209 210 211 212 213 214
3  215 216 217 218 219 220 221
4  222 223 224 225 226 227 228
5  229 230 231 232 233 234 235
6  236 237 238 239 240 241 242
7  243 244 245 246 247 248 249
